FOR S6 KAMERA
F = (2344*7.87401575)/47.2440945 = 390.617052

distance40cm = (47.24 * 390.62)/1208 = 38.7999483

distance60cm = (47.24 * 390.62)/776 = 60.3999195

FOR DRONENS KAMERA

F = (71 * 39.3700787)/5.11811024 = 546.153845193

distance2m = (5.12 * 546.15)/38 = 77.89
